M
855.1
141.2
128.2
450.3
537.8
523.2
143.4
541.4
487.9
234.1
575.7
707.4
590.2
125.6
179.4
402.6
619.3
171.9
537.1
704.2
88.6
792.3
940.7
698.9
385.4
804.6
435.2
356.7
622.5
344.5
908.0
100.2
618.9
301.6
132.1
866.0
260.9
476.9
441.5
254.8
78.8
734.8
310.8
705.2
560.0
568.6
189.0
729.4
484.1
735.1
757.3
614.1
482.5
577.4
979.7
791.7
836.6
364.4
683.3
887.8
16.0
408.3
402.0
418.2
859.3
715.6
424.7
990.5
2.4
665.6
674.0
950.0
187.6
195.4
984.3
388.3
211.3
109.0
731.6
39.0
942.7
645.9
691.9
335.9
67.8
459.0
2.3
830.5
611.0
8.8
150.3
3.8
744.6
671.8
157.7
456.7
792.8
618.0
243.7
563.1
744.7
496.2
799.0
975.5
16.7
94.8
338.1
205.8
943.9
870.3
375.6
97.2
510.8
79.1
320.0
299.8
156.0
298.0
276.0
686.9
760.0
256.4
515.3
77.0
394.3
328.0
557.2
16.0
787.7
946.3
73.8
567.5
508.7
505.0
435.8
122.2
160.1
938.4
329.9
611.1
600.1
146.2
334.1
896.5
